function at= solveat(a0,a1,a2,a3,a4)

at= [...
-.25*a3/a4+.8333333333333333333333333333333333333333333333333333333333333333333333333333333333333333333333333333e-1/a4*(-1.*(-9.*a3^2*(-36.*a2*a3*a1-288.*a0*a2*a4+108.*a1^2*a4+108.*a0*a3^2+8.*a2^3+20.78460969082652752232935609807046840331366304572456753666968375342319620290560044497375424108698291*(-18.*a2*a3*a1^3*a4+192.*a3*a1*a0^2*a4^2+6.*a3^2*a1^2*a0*a4-144.*a0^2*a2*a4*a3^2-144.*a0*a2*a4^2*a1^2-18.*a2*a3^3*a1*a0+4.*a0*a3^2*a2^3+4.*a1^2*a4*a2^3-16.*a0*a4*a2^4+128.*a0^2*a4^2*a2^2-1.*a3^2*a1^2*a2^2+80.*a3*a1*a0*a4*a2^2+27.*a1^4*a4^2-256.*a0^3*a4^3+27.*a0^2*a3^4+4.*a3^3*a1^3)^(1/2))^(1/3)+24.*a2*a4*(-36.*a2*a3*a1-288.*a0*a2*a4+108.*a1^2*a4+108.*a0*a3^2+8.*a2^3+20.78460969082652752232935609807046840331366304572456753666968375342319620290560044497375424108698291*(-18.*a2*a3*a1^3*a4+192.*a3*a1*a0^2*a4^2+6.*a3^2*a1^2*a0*a4-144.*a0^2*a2*a4*a3^2-144.*a0*a2*a4^2*a1^2-18.*a2*a3^3*a1*a0+4.*a0*a3^2*a2^3+4.*a1^2*a4*a2^3-16.*a0*a4*a2^4+128.*a0^2*a4^2*a2^2-1.*a3^2*a1^2*a2^2+80.*a3*a1*a0*a4*a2^2+27.*a1^4*a4^2-256.*a0^3*a4^3+27.*a0^2*a3^4+4.*a3^3*a1^3)^(1/2))^(1/3)-6.*(-36.*a2*a3*a1-288.*a0*a2*a4+108.*a1^2*a4+108.*a0*a3^2+8.*a2^3+20.78460969082652752232935609807046840331366304572456753666968375342319620290560044497375424108698291*(-18.*a2*a3*a1^3*a4+192.*a3*a1*a0^2*a4^2+6.*a3^2*a1^2*a0*a4-144.*a0^2*a2*a4*a3^2-144.*a0*a2*a4^2*a1^2-18.*a2*a3^3*a1*a0+4.*a0*a3^2*a2^3+4.*a1^2*a4*a2^3-16.*a0*a4*a2^4+128.*a0^2*a4^2*a2^2-1.*a3^2*a1^2*a2^2+80.*a3*a1*a0*a4*a2^2+27.*a1^4*a4^2-256.*a0^3*a4^3+27.*a0^2*a3^4+4.*a3^3*a1^3)^(1/2))^(2/3)*a4+72.*a1*a3*a4-288.*a0*a4^2-24.*a4*a2^2)/(-36.*a2*a3*a1-288.*a0*a2*a4+108.*a1^2*a4+108.*a0*a3^2+8.*a2^3+20.78460969082652752232935609807046840331366304572456753666968375342319620290560044497375424108698291*(-18.*a2*a3*a1^3*a4+192.*a3*a1*a0^2*a4^2+6.*a3^2*a1^2*a0*a4-144.*a0^2*a2*a4*a3^2-144.*a0*a2*a4^2*a1^2-18.*a2*a3^3*a1*a0+4.*a0*a3^2*a2^3+4.*a1^2*a4*a2^3-16.*a0*a4*a2^4+128.*a0^2*a4^2*a2^2-1.*a3^2*a1^2*a2^2+80.*a3*a1*a0*a4*a2^2+27.*a1^4*a4^2-256.*a0^3*a4^3+27.*a0^2*a3^4+4.*a3^3*a1^3)^(1/2))^(1/3))^(1/2)+.2041241452319315081831070062254909493304956233880558440360577139375800314547762522116549527587200196/a4*((3.*a3^2*(-36.*a2*a3*a1-288.*a0*a2*a4+108.*a1^2*a4+108.*a0*a3^2+8.*a2^3+20.78460969082652752232935609807046840331366304572456753666968375342319620290560044497375424108698291*(-18.*a2*a3*a1^3*a4+192.*a3*a1*a0^2*a4^2+6.*a3^2*a1^2*a0*a4-144.*a0^2*a2*a4*a3^2-144.*a0*a2*a4^2*a1^2-18.*a2*a3^3*a1*a0+4.*a0*a3^2*a2^3+4.*a1^2*a4*a2^3-16.*a0*a4*a2^4+128.*a0^2*a4^2*a2^2-1.*a3^2*a1^2*a2^2+80.*a3*a1*a0*a4*a2^2+27.*a1^4*a4^2-256.*a0^3*a4^3+27.*a0^2*a3^4+4.*a3^3*a1^3)^(1/2))^(1/3)*(-1.*(-9.*a3^2*(-36.*a2*a3*a1-288.*a0*a2*a4+108.*a1^2*a4+108.*a0*a3^2+8.*a2^3+20.78460969082652752232935609807046840331366304572456753666968375342319620290560044497375424108698291*(-18.*a2*a3*a1^3*a4+192.*a3*a1*a0^2*a4^2+6.*a3^2*a1^2*a0*a4-144.*a0^2*a2*a4*a3^2-144.*a0*a2*a4^2*a1^2-18.*a2*a3^3*a1*a0+4.*a0*a3^2*a2^3+4.*a1^2*a4*a2^3-16.*a0*a4*a2^4+128.*a0^2*a4^2*a2^2-1.*a3^2*a1^2*a2^2+80.*a3*a1*a0*a4*a2^2+27.*a1^4*a4^2-256.*a0^3*a4^3+27.*a0^2*a3^4+4.*a3^3*a1^3)^(1/2))^(1/3)+24.*a2*a4*(-36.*a2*a3*a1-288.*a0*a2*a4+108.*a1^2*a4+108.*a0*a3^2+8.*a2^3+20.78460969082652752232935609807046840331366304572456753666968375342319620290560044497375424108698291*(-18.*a2*a3*a1^3*a4+192.*a3*a1*a0^2*a4^2+6.*a3^2*a1^2*a0*a4-144.*a0^2*a2*a4*a3^2-144.*a0*a2*a4^2*a1^2-18.*a2*a3^3*a1*a0+4.*a0*a3^2*a2^3+4.*a1^2*a4*a2^3-16.*a0*a4*a2^4+128.*a0^2*a4^2*a2^2-1.*a3^2*a1^2*a2^2+80.*a3*a1*a0*a4*a2^2+27.*a1^4*a4^2-256.*a0^3*a4^3+27.*a0^2*a3^4+4.*a3^3*a1^3)^(1/2))^(1/3)-6.*(-36.*a2*a3*a1-288.*a0*a2*a4+108.*a1^2*a4+108.*a0*a3^2+8.*a2^3+20.78460969082652752232935609807046840331366304572456753666968375342319620290560044497375424108698291*(-18.*a2*a3*a1^3*a4+192.*a3*a1*a0^2*a4^2+6.*a3^2*a1^2*a0*a4-144.*a0^2*a2*a4*a3^2-144.*a0*a2*a4^2*a1^2-18.*a2*a3^3*a1*a0+4.*a0*a3^2*a2^3+4.*a1^2*a4*a2^3-16.*a0*a4*a2^4+128.*a0^2*a4^2*a2^2-1.*a3^2*a1^2*a2^2+80.*a3*a1*a0*a4*a2^2+27.*a1^4*a4^2-256.*a0^3*a4^3+27.*a0^2*a3^4+4.*a3^3*a1^3)^(1/2))^(2/3)*a4+72.*a1*a3*a4-288.*a0*a4^2-24.*a4*a2^2)/(-36.*a2*a3*a1-288.*a0*a2*a4+108.*a1^2*a4+108.*a0*a3^2+8.*a2^3+20.78460969082652752232935609807046840331366304572456753666968375342319620290560044497375424108698291*(-18.*a2*a3*a1^3*a4+192.*a3*a1*a0^2*a4^2+6.*a3^2*a1^2*a0*a4-144.*a0^2*a2*a4*a3^2-144.*a0*a2*a4^2*a1^2-18.*a2*a3^3*a1*a0+4.*a0*a3^2*a2^3+4.*a1^2*a4*a2^3-16.*a0*a4*a2^4+128.*a0^2*a4^2*a2^2-1.*a3^2*a1^2*a2^2+80.*a3*a1*a0*a4*a2^2+27.*a1^4*a4^2-256.*a0^3*a4^3+27.*a0^2*a3^4+4.*a3^3*a1^3)^(1/2))^(1/3))^(1/2)-8.*a2*a4*(-36.*a2*a3*a1-288.*a0*a2*a4+108.*a1^2*a4+108.*a0*a3^2+8.*a2^3+20.78460969082652752232935609807046840331366304572456753666968375342319620290560044497375424108698291*(-18.*a2*a3*a1^3*a4+192.*a3*a1*a0^2*a4^2+6.*a3^2*a1^2*a0*a4-144.*a0^2*a2*a4*a3^2-144.*a0*a2*a4^2*a1^2-18.*a2*a3^3*a1*a0+4.*a0*a3^2*a2^3+4.*a1^2*a4*a2^3-16.*a0*a4*a2^4+128.*a0^2*a4^2*a2^2-1.*a3^2*a1^2*a2^2+80.*a3*a1*a0*a4*a2^2+27.*a1^4*a4^2-256.*a0^3*a4^3+27.*a0^2*a3^4+4.*a3^3*a1^3)^(1/2))^(1/3)*(-1.*(-9.*a3^2*(-36.*a2*a3*a1-288.*a0*a2*a4+108.*a1^2*a4+108.*a0*a3^2+8.*a2^3+20.78460969082652752232935609807046840331366304572456753666968375342319620290560044497375424108698291*(-18.*a2*a3*a1^3*a4+192.*a3*a1*a0^2*a4^2+6.*a3^2*a1^2*a0*a4-144.*a0^2*a2*a4*a3^2-144.*a0*a2*a4^2*a1^2-18.*a2*a3^3*a1*a0+4.*a0*a3^2*a2^3+4.*a1^2*a4*a2^3-16.*a0*a4*a2^4+128.*a0^2*a4^2*a2^2-1.*a3^2*a1^2*a2^2+80.*a3*a1*a0*a4*a2^2+27.*a1^4*a4^2-256.*a0^3*a4^3+27.*a0^2*a3^4+4.*a3^3*a1^3)^(1/2))^(1/3)+24.*a2*a4*(-36.*a2*a3*a1-288.*a0*a2*a4+108.*a1^2*a4+108.*a0*a3^2+8.*a2^3+20.78460969082652752232935609807046840331366304572456753666968375342319620290560044497375424108698291*(-18.*a2*a3*a1^3*a4+192.*a3*a1*a0^2*a4^2+6.*a3^2*a1^2*a0*a4-144.*a0^2*a2*a4*a3^2-144.*a0*a2*a4^2*a1^2-18.*a2*a3^3*a1*a0+4.*a0*a3^2*a2^3+4.*a1^2*a4*a2^3-16.*a0*a4*a2^4+128.*a0^2*a4^2*a2^2-1.*a3^2*a1^2*a2^2+80.*a3*a1*a0*a4*a2^2+27.*a1^4*a4^2-256.*a0^3*a4^3+27.*a0^2*a3^4+4.*a3^3*a1^3)^(1/2))^(1/3)-6.*(-36.*a2*a3*a1-288.*a0*a2*a4+108.*a1^2*a4+108.*a0*a3^2+8.*a2^3+20.78460969082652752232935609807046840331366304572456753666968375342319620290560044497375424108698291*(-18.*a2*a3*a1^3*a4+192.*a3*a1*a0^2*a4^2+6.*a3^2*a1^2*a0*a4-144.*a0^2*a2*a4*a3^2-144.*a0*a2*a4^2*a1^2-18.*a2*a3^3*a1*a0+4.*a0*a3^2*a2^3+4.*a1^2*a4*a2^3-16.*a0*a4*a2^4+128.*a0^2*a4^2*a2^2-1.*a3^2*a1^2*a2^2+80.*a3*a1*a0*a4*a2^2+27.*a1^4*a4^2-256.*a0^3*a4^3+27.*a0^2*a3^4+4.*a3^3*a1^3)^(1/2))^(2/3)*a4+72.*a1*a3*a4-288.*a0*a4^2-24.*a4*a2^2)/(-36.*a2*a3*a1-288.*a0*a2*a4+108.*a1^2*a4+108.*a0*a3^2+8.*a2^3+20.78460969082652752232935609807046840331366304572456753666968375342319620290560044497375424108698291*(-18.*a2*a3*a1^3*a4+192.*a3*a1*a0^2*a4^2+6.*a3^2*a1^2*a0*a4-144.*a0^2*a2*a4*a3^2-144.*a0*a2*a4^2*a1^2-18.*a2*a3^3*a1*a0+4.*a0*a3^2*a2^3+4.*a1^2*a4*a2^3-16.*a0*a4*a2^4+128.*a0^2*a4^2*a2^2-1.*a3^2*a1^2*a2^2+80.*a3*a1*a0*a4*a2^2+27.*a1^4*a4^2-256.*a0^3*a4^3+27.*a0^2*a3^4+4.*a3^3*a1^3)^(1/2))^(1/3))^(1/2)-1.*(-1.*(-9.*a3^2*(-36.*a2*a3*a1-288.*a0*a2*a4+108.*a1^2*a4+108.*a0*a3^2+8.*a2^3+20.78460969082652752232935609807046840331366304572456753666968375342319620290560044497375424108698291*(-18.*a2*a3*a1^3*a4+192.*a3*a1*a0^2*a4^2+6.*a3^2*a1^2*a0*a4-144.*a0^2*a2*a4*a3^2-144.*a0*a2*a4^2*a1^2-18.*a2*a3^3*a1*a0+4.*a0*a3^2*a2^3+4.*a1^2*a4*a2^3-16.*a0*a4*a2^4+128.*a0^2*a4^2*a2^2-1.*a3^2*a1^2*a2^2+80.*a3*a1*a0*a4*a2^2+27.*a1^4*a4^2-256.*a0^3*a4^3+27.*a0^2*a3^4+4.*a3^3*a1^3)^(1/2))^(1/3)+24.*a2*a4*(-36.*a2*a3*a1-288.*a0*a2*a4+108.*a1^2*a4+108.*a0*a3^2+8.*a2^3+20.78460969082652752232935609807046840331366304572456753666968375342319620290560044497375424108698291*(-18.*a2*a3*a1^3*a4+192.*a3*a1*a0^2*a4^2+6.*a3^2*a1^2*a0*a4-144.*a0^2*a2*a4*a3^2-144.*a0*a2*a4^2*a1^2-18.*a2*a3^3*a1*a0+4.*a0*a3^2*a2^3+4.*a1^2*a4*a2^3-16.*a0*a4*a2^4+128.*a0^2*a4^2*a2^2-1.*a3^2*a1^2*a2^2+80.*a3*a1*a0*a4*a2^2+27.*a1^4*a4^2-256.*a0^3*a4^3+27.*a0^2*a3^4+4.*a3^3*a1^3)^(1/2))^(1/3)-6.*(-36.*a2*a3*a1-288.*a0*a2*a4+108.*a1^2*a4+108.*a0*a3^2+8.*a2^3+20.784609